encoder = ConformerEncoder(num_layers=4, d_model=512, d_ff=1024, num_heads=4, kernel_size=31, dropout=0.4, input_dim=512)
phoneme_decoder = PhonemeDecoder(vocab_size=500, d_model=512, hidden_size=512, num_layers=1, dropout=0.4)
cross_attention = MultiHeadAttention(d_model=512, num_heads=4, dropout=0.4, use_positional_encoding=False)
synthesizer = Synthesizer(d_model=512, rnn_dim=512, vocab_size=500   # Yoruba unit vocabulary size)
optimizer = optim.Adam(model.parameters(), lr=1e-4) without a scheduler
loss_fn = nn.CrossEntropyLoss(ignore_index=pad_token, label_smoothing=0.1)
1680/420 datasplit, seq_len = 600


validation sample range during training:

443: Àwárí yìí bá àwọn ìwádìí mìíràn tí wọ́n ń ròyìn wíwọlé sí ITN káàkiri lẹ́yìn ìsapá ìṣàkóso ibà orílẹ̀-èdè tí ó lágbára [ẹ̀ẹ́dógún, ẹ̀rìndínlógún]. --> being
444: Ọ̀pọ̀lọpọ̀ orílẹ̀-èdè tí ó ṣeé ṣe ló wà.
445: Síbẹ̀síbẹ̀, ìbáṣepọ̀ tí ó yàtọ̀ láàrín ẹ̀kọ́ àti lílo àpapọ̀ tí a ròyìn yàtọ̀ sí ìbáṣepọ̀ rere láàrín ẹ̀kọ́ àti ìmọ̀.
446: Àwọn obìnrin tí kò ní ẹ̀kọ́ ní ó ṣeé ṣe kí wọ́n sùn lábẹ́ àpò ẹ̀fọn ní alẹ́ ọjọ́ tí ìwádìí náà ṣáájú ju àwọn tí wọ́n ní ìpele ẹ̀kọ́ gíga lọ.--> being
447: Ìyàtọ̀ yìí lè ṣe àfihàn àwọn ohun tó díjú nípa àṣà àti àyíká.
448: Àwọn ìyípadà àkókò, àìbalẹ̀ tí a ròyìn, tàbí àwọn ìgbésẹ̀ ìdènà mìíràn lè ṣe àfikún.
449: Àìsí ìbáṣepọ̀ yìí ń bá a lọ lẹ́yìn tí a bá ṣe àtúnṣe fún àwọn olùdásílẹ̀ tí ó ṣeé ṣe nínú àwọn àwòṣe ìyípadà oníṣẹ́-ọnà oní-ọ̀pọ̀.
450: Mẹ̀sán Ifihan Nigbagbogbo lori Awọn Iwifunni ọọdunrun ati mèjìlélogún mẹ̀rindínlogójì.
451: Ọ̀kan Wiwọle si Ilera Awọn Iṣẹ Ilera Gbogbogbo irinwo ati ogójì ọ̀kandínlàádọ́ta.
452: Mẹ̀ta Awọn Ile-iwosan Aladani/Awọn Ile-iwosan/Awọn Iṣẹ Aladani igba ati ọ̀kandínlogójì mẹ̀rindínlọgbọ̀n.
453: Mẹ̀sán Isegun Ibile mèjìlélogún mèjì.
454: Màrún Awọn Orisun Miiran ẹ̀rìnlá ọ̀kan.
455: Màrún irinwo ati ogójì Awọn Ile-iwosan Aladani/Awọn Ile-iwosan/Awọn Iṣẹ Aladani mèjìlélọgọ́ta.
456: Odo ogorun ati mèjìdínlọgọ́rin Isegun Ibile mèjìdínlàádọ́rin.
457: Mẹ̀jọ mèjìlélogún Awọn Orisun Miiran mẹ̀rinlélọgọ́ta.
458: Awọn awari iwadi naa ni ọpọlọpọ awọn ipa ti o wulo.
459: Ifiranṣẹ ti a ṣe deede ti o sọrọ nipa awọn oye, irọrun, ati awọn ọgbọn aabo miiran le mu ifaramọ ITN pọ si.
460: Keji, jijẹ imoye idena iba nipasẹ ẹkọ jẹ pataki, ṣugbọn ko to nikan lati rii daju pe lilo apapọ.
461: Àwọn ìdí mélòó kan nìyí tí ìfarahàn àwọn oníròyìn kò fi ní ìsopọ̀ pàtàkì pẹ̀lú ìwà wíwá ìtọ́jú nínú ìwádìí yìí.
462: Kódà nígbà tí àwọn ìpolówó àwọn oníròyìn bá gbòòrò, àkóónú náà lè má bá àwọn ìlànà, ìgbàgbọ́, tàbí èdè àdúgbò mu, èyí tí ó ń dín agbára rẹ̀ kù. --> being
463: Ìdí mìíràn lè jẹ́ àwọn ìdènà ìṣètò sí wíwọlé sí ìtọ́jú ìlera.
464: Ní ọ̀pọ̀lọpọ̀ àwọn agbègbè ìgbèríko, àwọn ìdènà wọ̀nyí lè ṣe pàtàkì bí ìmọ̀, bí kò bá tilẹ̀ jẹ́ bẹ́ẹ̀ jù bẹ́ẹ̀ lọ.
465: Níkẹyìn, ìfarahàn láìsí ìfọwọ́sowọ́pọ̀ tàbí ìgbẹ́kẹ̀lé nínú ìránṣẹ́ náà lè ṣe àfikún sí àìní ipa pàtàkì.
466: Èyí tẹnu mọ́ pàtàkì ìfarahàn àwọn oníròyìn àti rírí i dájú pé àwọn ìránṣẹ́ náà jẹ́ èyí tí ó wúni lórí, tí ó ṣeé gbẹ́kẹ̀lé, àti tí a gbẹ́kẹ̀lé nípasẹ̀ àwọn olùgbọ́ tí a fojú sí. --> being played
467: Ìwádìí rẹ̀ ní àwọn ààlà.
468: Àtọ́ka ọrọ̀, bó tilẹ̀ jẹ́ aṣojú ìpele fún ipò ọrọ̀-ajé, lè má ṣe gba gbogbo àwọn apá ti ìyàtọ̀ ọrọ̀-ajé. --> being
469: Jù bẹ́ẹ̀ lọ, a ti ṣàlàyé ìfarahàn àwọn ìròyìn káàkiri, kò sì ṣe àyẹ̀wò àkóónú, dídára ìránṣẹ́, tàbí òye.
470: Ní àfikún, ọ̀pọ̀lọpọ̀ àwọn ohun tí kò ṣeé díwọ̀n lè nípa lórí àjọṣepọ̀ tí a rí.
471: Fún àpẹẹrẹ, ìyàtọ̀ nínú agbára ìtànkálẹ̀ ibà ní agbègbè lè ní ipa lórí lílo ITN àti ìwà wíwá ìtọ́jú.
472: Ní àfikún, ìwádìí ìfarahàn àwọn ìròyìn, pẹ̀lú ìwọ̀n àpẹẹrẹ ti n  je ẹgbẹ̀rin ati mẹ̀talélàádọ́rùn-ún, kéré ju àwọn ìwádìí mìíràn nínú ìwádìí yìí lọ.
473: Nítorí náà, a gbọ́dọ̀ túmọ̀ àwọn àwárí rẹ̀ pẹ̀lú ìṣọ́ra, àti àwọn ìparí tí a fà láti inú àpẹẹrẹ kékeré yìí lè má ṣeé ṣe gbogbogbòò.
474: Ìwádìí síwájú pẹ̀lú àwọn ìwọ̀n àpẹẹrẹ tí ó tóbi jù ni a nílò láti fìdí àwọn àwárí wọ̀nyí múlẹ̀.
475: Ìwádìí ọjọ́ iwájú yẹ kí ó lo àwọn àwòrán gígùn láti ṣàfihàn àwọn ìyípadà ìgbà díẹ̀ nínú ìwà ìdènà ibà ní ọ̀nà tí ó dára jù. --> being
476: Ilé-iṣẹ́ Ìlera Nàìjíríà (MOH) àti Ètò Ìparẹ́ Ibà Ibà Ibà Orílẹ̀-èdè (NMEP) lè ṣe pàtàkì Alao àti àwọn ẹlẹgbẹ́ rẹ̀.
477: BMC Public Health (ẹgbẹrun mèjì ati màrúndínlọgbọ̀n) màrúndínlọgbọ̀n:ẹgbẹrun mẹ̀ta ati ọ̀kandínlọgọ́rin Ojú ìwé mẹ̀sán nínú mẹ̀wá ipa nínú ṣíṣe àfojúsùn àwọn ẹgbẹ́ wọ̀nyí láti mú kí lílo ITN pọ̀ sí i ní gbogbo ìpele owó oṣù.
478: Lílóye àti dídá àwọn àlàfo ìmọ̀ àti àwọn ìdènà gidi sí lílo ITN yóò jẹ́ kí àwọn ètò wọ̀nyí ṣe ìyàtọ̀ pípẹ́.
479: Àwọn ohun èlò afikún mẹ̀ta.
480: Àwọn ìdúpẹ́ A dúpẹ́ lọ́wọ́ Christabel Oboh fún ìrànlọ́wọ́ rẹ̀ nígbà ìwádìí dátà ti ìwádìí yìí.
481: Àwọn àfikún àwọn òǹkọ̀wé Alao J.
482: O: Ìrònú, Àgbékalẹ̀ ìkẹ́kọ̀ọ́, Ọ̀nà ìwádìí, Ìwádìí Dátà, Àbójútó, Kíkọ – àkọsílẹ̀ àtilẹ̀wá, Kíkọ – àtúnyẹ̀wò àti àtúnṣe; Olowoshile O. --> being
483: P: Ìṣàkóso Ẹ̀kọ́; Adetayo J.
484: Ìnáwó Àwọn òǹkọ̀wé kò gba ìtìlẹ́yìn láti ọ̀dọ̀ àjọ èyíkéyìí fún iṣẹ́ tí a fi sílẹ̀.
485: Wíwà Dátà ni a pèsè nínú ìwé àfọwọ́kọ àti àwọn fáìlì àlàyé afikún.
486: Ìwádìí dátà kejì yìí bá àwọn ìlànà ìwà rere mu, kò sì nílò ìfọwọ́sowọ́pọ̀ láti ọ̀dọ̀ ìgbìmọ̀ àtúnyẹ̀wò ilé-iṣẹ́.
487: Ìfọwọ́sowọ́pọ̀ fún ìtẹ̀jáde Kò Wúlò.
488: Àwọn àǹfààní ìdíje Àwọn òǹkọ̀wé kéde pé àwọn àǹfààní ìdíje kò sí.
489: Àwọn òǹkọ̀wé kò ní àǹfààní owó tàbí ti kìí ṣe ti owó láti ṣípayá.
490: Ìròyìn àrùn iba àgbáyé ẹgbẹrun mèjì ati mẹ̀rinlélogún: kíkojú àìdọ́gba nínú ìdáhùn àrùn iba àgbáyé.
491: Geneva: Switzerland: Àjọ Ìlera Àgbáyé; ẹgbẹrun mèjì ati mẹ̀rinlélogún.
492: Ìròyìn nípa ibà ní Nàìjíríà ẹgbẹrun mèjì ati mèjìlélogún.
493: Congo: Àjọ Ìlera Àgbáyé, Ọ́fíìsì Àgbègbè fún Áfíríkà;: Brazzaville; ẹgbẹrun mèjì ati mẹ̀talélogún.
494: Chiziba C, Mercer LD, Diallo O, Bertozzi-Villa A, Weiss DJ, Gerardin J, àti bẹ́ẹ̀ bẹ́ẹ̀ lọ.
495: Àwọn ohun tó ń fa ìṣòro ọrọ̀ ajé, ìṣèlú, àti àyíká lè mú kí ìtọ́jú ibà ṣe pàtàkì ní ìlú ńlá Nàìjíríà. --> being
496: Huijser L, Paszkowski A, De Ruiter M, Tiggeloven T.
497: Láti ìfọ́ sí àjàkálẹ̀ àrùn: Lílóye àìlera tí ó wà ní ìpele méjì ti àwọn ibi tí omi ń gbóná, àìsàn ibà, àti òṣì ní Nàìjíríà. --> being
498: BMC Public Health (ẹgbẹrun mèjì ati màrúndínlọgbọ̀n) màrúndínlọgbọ̀n:ẹgbẹrun mẹ̀ta ati ọ̀kandínlọgọ́rin Ojú ìwé mẹ̀wá nínú mẹ̀wá màrún.
499: Bertozzi-Villa A, Bever CA, Koenker H, Weiss DJ, Vargas-Ruiz C, Nandi AK àti àwọn ẹlòmíràn.
500: Àwọn àwòrán àti ìwọ̀n wíwọlé àwọ̀n tí a fi oògùn pa, lílò, àti àwọ̀n fún olúkúlùkù ní Áfíríkà láti ọdún ẹgbẹrun mèjì sí ẹgbẹrun mèjì ati ogún. --> being played
501: Oxborough RM, Chilito KLF, Tokponnon F, Messenger LA.
502: Ìṣàkóso ẹ̀rọ ìtọ́jú ibà ní agbègbè Sahara ní Áfíríkà: àwọn ìṣòwò tó díjú láti kojú ewu tó ń pọ̀ sí i ti ìdènà ìpakúpa ibà.


==========================================================================================================================================
A+ Sample to be predicted at inference: discrete value for original English discrete (sample ENG_1011):

[17, 17, 17, 17, 17, 296, 392, 392, 392, 392, 244, 211, 40, 40, 40, 40, 249, 249, 244, 102, 102, 442, 442, 442, 442, 442, 244, 82, 102, 305, 369, 435, 435, 249, 435, 391, 316, 316, 244, 244, 316, 63, 244, 73, 73, 244, 73, 73, 244, 7, 276, 153, 153, 153, 153, 43, 349, 349, 155, 155, 25, 346, 284, 284, 111, 240, 251, 251, 251, 241, 431, 486, 284, 284, 206, 215, 215, 215, 35, 401, 259, 74, 483, 483, 440, 188, 188, 340, 340, 339, 339, 64, 212, 212, 384, 371, 324, 324, 324, 143, 143, 458, 458, 208, 26, 425, 425, 470, 444, 360, 360, 339, 94, 94, 398, 398, 469, 416, 416, 458, 144, 27, 27, 106, 481, 481, 481, 481, 293, 293, 293, 349, 349, 234, 234, 261, 25, 25, 420, 422, 236, 143, 259, 75, 107, 395, 395, 180, 84, 139, 139, 50, 368, 368, 368, 453, 168, 168, 106, 106, 125, 223, 130, 413, 53, 381, 195, 250, 10, 195, 199, 398, 340, 399, 217, 217, 217, 70, 65, 138, 138, 138, 413, 413, 10, 10, 219, 398, 398, 464, 464, 464, 423, 355, 355, 355, 355, 263, 263, 13, 229, 82, 82, 312, 126, 126, 326, 326, 326, 101, 101, 101, 149, 228, 228, 82, 321, 412, 287, 287, 287, 55, 322, 322, 322, 67, 466, 466, 217, 217, 70, 70, 65, 46, 46, 46, 438, 438, 175, 251, 251, 241, 398, 324, 324, 324, 324, 301, 132, 132, 132, 219, 219, 464, 464, 464, 355, 355, 355, 355, 335, 440, 188, 188, 434, 434, 434, 339, 339, 33, 465, 465, 14, 145, 145, 486, 460, 460, 169, 349, 234, 234, 261, 25, 487, 337, 469, 416, 143, 458, 144, 27, 27, 319, 319, 319, 330, 330, 348, 33, 394, 465, 310, 338, 338, 338, 436, 395, 487, 487, 487, 374, 337, 236, 239, 36, 161, 161, 487, 288, 288, 290, 328, 328, 303, 303, 303, 303, 417, 417, 417, 417, 417, 417, 417, 417, 414, 414, 414, 82, 170, 102, 170, 82, 421, 15, 128, 17, 17]

A- Its corresponding original discrete Yoruba (sample YOR_1011):
[17, 17, 17, 17, 296, 296, 392, 244, 296, 435, 435, 184, 184, 184, 244, 73, 244, 244, 287, 287, 284, 284, 178, 143, 35, 458, 208, 441, 441, 153, 153, 215, 215, 129, 129, 401, 354, 354, 354, 100, 100, 481, 182, 182, 182, 182, 182, 375, 375, 98, 335, 14, 226, 209, 287, 287, 284, 426, 319, 413, 203, 53, 53, 217, 10, 309, 250, 250, 138, 138, 138, 138, 138, 138, 98, 335, 14, 287, 287, 319, 440, 319, 282, 299, 203, 399, 217, 217, 217, 217, 473, 398, 360, 360, 434, 434, 434, 434, 434, 434, 3, 3, 335, 14, 440, 145, 145, 145, 145, 315, 111, 353, 396, 313, 203, 53, 250, 250, 250, 250, 250, 250, 250, 250, 250, 88, 88, 335, 440, 440, 188, 188, 446, 446, 116, 212, 239, 131, 34, 302, 302, 497, 38, 349, 349, 234, 234, 261, 261, 25, 25, 148, 153, 153, 132, 132, 406, 406, 406, 134, 134, 134, 88, 497, 497, 88, 14, 14, 14, 287, 145, 145, 240, 240, 314, 35, 36, 478, 232, 172, 172, 224, 267, 267, 213, 422, 143, 325, 213, 213, 213, 213, 324, 301, 8, 129, 259, 354, 354, 180, 355, 355, 355, 263, 263, 229, 82, 247, 247, 312, 292, 23, 326, 326, 326, 326, 326, 101, 408, 149, 149, 228, 228, 82, 7, 7, 309, 309, 479, 398, 398, 464, 464, 264, 315, 315, 315, 450, 203, 203, 53, 53, 70, 65, 138, 138, 350, 413, 203, 53, 250, 250, 250, 70, 70, 138, 138, 387, 387, 122, 122, 24, 239, 384, 371, 448, 324, 324, 324, 464, 464, 464, 145, 145, 460, 460, 169, 349, 349, 436, 161, 487, 485, 485, 324, 301, 337, 337, 337, 324, 324, 324, 422, 143, 458, 82, 144, 27, 180, 423, 355, 355, 169, 263, 263, 263, 417, 417, 417, 417, 417, 237, 249, 170, 82, 421, 102, 102, 102, 128, 244, 128, 17, 17]






===========================================================================================================================================
sample 495@epoch90
[17, 17, 17, 287, 284, 284, 284, 450, 293, 43, 276, 276, 276, 174, 297, 297, 297, 182, 182, 182, 182, 182, 293, 413, 413, 64, 76, 76, 401, 82, 384, 108, 106, 106, 106, 481, 297, 293, 293, 293, 293, 349, 349, 234, 234, 234, 234, 261, 25, 106, 106, 265, 428, 428, 146, 146, 146, 3, 358, 422, 186, 162, 323, 323, 482, 482, 115, 273, 106, 106, 153, 153, 42, 42, 42, 42, 147, 147, 153, 153, 153, 153, 182, 182, 182, 182, 387, 387, 387, 372, 406, 406, 406, 406, 406, 88, 88, 346, 346, 265, 265, 85, 85, 85, 146, 252, 24, 239, 239, 239, 310, 107, 395, 395, 278, 278, 171, 171, 171, 19, 454, 454, 454, 442, 414, 170, 20, 20, 170, 20, 312, 126, 326, 326, 408, 408, 228, 228, 20, 20, 7, 219, 152, 422, 99, 338, 338, 338, 338, 338, 338, 395, 395, 286, 278, 278, 37, 37, 251, 251, 251, 251, 374, 374, 132, 132, 132, 132, 132, 442, 442, 98, 229, 229, 229, 247, 312, 312, 23, 23, 51, 51, 228, 20, 20, 287, 287, 287, 287, 111, 460, 240, 240, 36, 108, 342, 342, 224, 448, 464, 464, 180, 486, 486, 111, 85, 146, 146, 219, 219, 219, 324, 422, 143, 458, 458, 144, 144, 27, 27, 499, 486, 428, 240, 240, 175, 359, 81, 34, 278, 278, 203, 399, 53, 250, 70, 65, 65, 274, 143, 129, 82, 458, 445, 445, 445, 213, 213, 213, 252, 252, 143, 36, 401, 75, 449, 273, 106, 387, 387, 387, 236, 24, 239, 310, 107, 395, 152, 213, 324, 324, 301, 301, 8, 8, 354, 354, 354, 106, 284, 151, 151, 169, 99, 99, 436, 436, 60, 60, 395, 301, 215, 129, 129, 259, 354, 106, 151, 206, 240, 35, 35, 77, 342, 224, 273, 151, 151, 460, 178, 143, 35, 20, 192, 192, 445, 188, 188, 340, 340, 10, 10, 10, 309, 479, 398, 213, 213, 213, 213, 246, 246, 246, 301, 26, 251, 251, 251, 374, 331, 132, 132, 132, 132, 132, 413, 251, 251, 251, 251, 251, 241, 241, 431, 486, 486, 376, 282, 282, 388, 388, 466, 10, 94, 479, 331, 145, 120, 120, 403, 207, 358, 416, 32, 32, 32, 239, 310, 107, 107, 395, 485, 286, 286, 374, 374, 406, 406, 406, 147, 337, 286, 464, 464, 180, 355, 355, 263, 17, 420, 420, 420, 420, 420, 420, 420, 420, 420, 420, 420, 420, 420, 420, 420, 420, 420, 420, 420, 420, 420, 420, 420, 420, 420, 420, 420, 420, 420, 420, 420, 420, 420, 420, 420, 420, 420, 420, 420, 420, 420, 420, 420, 420, 420, 420, 420, 420, 420, 420, 420, 420, 420, 420, 420, 420, 420, 420, 420, 420, 420, 420, 420, 420, 420, 420, 420, 420, 420, 420, 420, 420, 420, 420, 420, 420, 420, 420, 420, 420, 420, 420, 420, 420, 420, 420, 420, 420, 420, 420, 420, 420, 420, 420, 420, 420, 420, 420, 420, 420, 420, 420, 420, 420, 420, 420, 420, 420, 420, 420, 420, 420, 420, 420, 420, 420, 420, 420, 420, 420, 420, 420, 420, 420, 420, 420, 420, 420, 420, 420, 420, 420, 420, 420, 420, 420, 420, 420, 420, 420, 420, 420, 420, 420, 420, 420, 420, 420, 420, 420, 420, 420, 420, 420, 420, 420, 420, 420, 420, 420, 420, 420, 420, 420, 420, 420, 420, 420, 420, 420, 420, 420, 420, 420, 420, 420, 420, 420, 420, 420, 420, 420, 420, 420, 420, 420, 420, 420, 420, 420, 420, 420, 420, 420, 420, 420, 420, 420, 420, 420, 420]


A- generated at inference @epoch90 when fed with English discrete (A+)  ---> just noise
[6, 6, 6, 6, 6, 422, 422, 6, 422, 422, 472, 422, 267, 422, 422, 377, 472, 472, 472, 422, 422, 6, 344, 177, 177, 177, 472, 6, 422, 422, 6, 422, 422, 472, 422, 422, 422, 422, 472, 6, 422, 6, 154, 422, 422, 389, 422, 422, 472, 177, 491, 6, 6, 6, 6, 6, 177, 6, 6, 6, 6, 6, 6, 344, 422, 422, 422, 422, 422, 422, 6, 422, 344, 6, 422, 6, 6, 6, 6, 6, 6, 422, 6, 6, 6, 177, 6, 6, 6, 6, 6, 422, 6, 6, 344, 422, 177, 6, 6, 422, 422, 154, 6, 6, 344, 422, 6, 6, 6, 422, 422, 344, 177, 177, 6, 6, 422, 6, 6, 6, 491, 422, 6, 422, 422, 422, 455, 6, 6, 177, 177, 177, 177, 6, 154, 6, 6, 491, 422, 422, 344, 422, 6, 6, 6, 472, 472, 6, 422, 6, 6, 491, 6, 6, 6, 344, 422, 422, 177, 177, 422, 422, 177, 6, 6, 154, 422, 422, 6, 422, 422, 6, 6, 177, 455, 6, 6, 6, 6, 177, 177, 177, 344, 344, 6, 6, 6, 6, 6, 6, 6, 6, 6, 422, 422, 422, 422, 344, 422, 6, 472, 6, 6, 6, 422, 422, 6, 6, 6, 6, 6, 6, 177, 6, 422, 6, 422, 177, 422, 422, 422, 422, 472, 472, 344, 472, 6, 472, 6, 6, 6, 177, 6, 6, 6, 6, 6, 344, 422, 422, 422, 422, 6, 6, 6, 6, 6, 6, 6, 6, 6, 6, 6, 6, 6, 6, 422, 422, 422, 422, 177, 422, 344, 344, 6, 6, 6, 6, 6, 344, 6, 6, 6, 422, 177, 422, 422, 422, 472, 6, 6, 6, 422, 6, 422, 422, 422, 6, 422, 422, 422, 6, 6, 422, 6, 472, 154, 422, 177, 491, 422, 377, 6, 6, 6, 6, 6, 6, 422, 422, 422, 6, 422, 344, 422, 472, 6, 344, 422, 344, 6, 344, 344, 6, 6, 6, 6, 6, 6, 422, 6, 422, 6, 422, 422, 422, 6, 6, 6, 6, 6, 422, 177, 6, 177, 6, 6, 6, 6]

===========================================================================================================================================
sample 460@epoch104
[17, 17, 445, 464, 171, 171, 171, 171, 252, 252, 314, 32, 239, 36, 107, 107, 395, 213, 213, 213, 213, 246, 19, 454, 229, 229, 247, 126, 126, 126, 126, 326, 326, 408, 408, 408, 391, 228, 244, 320, 7, 7, 32, 32, 239, 108, 371, 371, 278, 278, 422, 236, 239, 239, 384, 449, 371, 470, 180, 443, 443, 443, 443, 403, 403, 171, 438, 203, 399, 217, 250, 250, 250, 138, 153, 88, 132, 374, 219, 219, 219, 219, 219, 464, 464, 171, 171, 171, 171, 246, 246, 246, 246, 24, 24, 239, 239, 384, 384, 420, 324, 324, 340, 116, 10, 10, 309, 479, 479, 331, 106, 153, 426, 426, 293, 293, 293, 98, 98, 335, 335, 226, 226, 209, 188, 188, 213, 324, 301, 8, 8, 239, 354, 354, 106, 355, 355, 376, 376, 460, 452, 263, 263, 263, 13, 229, 229, 82, 312, 23, 23, 23, 408, 149, 228, 244, 320, 479, 479, 398, 324, 422, 143, 465, 465, 354, 354, 346, 284, 486, 206, 169, 150, 342, 342, 164, 164, 224, 273, 470, 403, 403, 464, 464, 464, 355, 178, 143, 129, 458, 208, 208, 441, 100, 387, 387, 313, 236, 239, 239, 310, 107, 107, 395, 278, 443, 443, 240, 215, 215, 129, 259, 354, 284, 206, 460, 240, 35, 36, 164, 342, 351, 180, 486, 460, 460, 178, 178, 233, 458, 192, 192, 41, 41, 41, 41, 19, 19, 19, 454, 454, 229, 229, 82, 126, 126, 292, 326, 408, 408, 149, 244, 244, 373, 338, 338, 338, 395, 494, 374, 416, 8, 32, 239, 354, 65, 65, 481, 481, 481, 293, 143, 35, 458, 208, 100, 100, 387, 387, 122, 236, 129, 259, 310, 108, 323, 224, 397, 106, 88, 88, 387, 203, 399, 217, 473, 473, 398, 324, 464, 422, 416, 143, 458, 144, 208, 27, 441, 125, 125, 387, 206, 175, 251, 251, 241, 431, 486, 460, 460, 167, 178, 35, 77, 342, 342, 342, 224, 267, 267, 444, 324, 246, 246, 477, 301, 313, 325, 325, 34, 324, 324, 301, 422, 24, 239, 384, 371, 180, 486, 486, 460, 240, 240, 24, 239, 310, 107, 395, 255, 416, 143, 129, 401, 259, 320, 354, 354, 109, 337, 41, 324, 19, 19, 454, 454, 229, 229, 247, 312, 187, 187, 187, 408, 408, 391, 391, 73, 244, 320, 7, 7, 371, 398, 324, 301, 116, 251, 251, 331, 106, 88, 88, 88, 106, 284, 405, 206, 206, 178, 35, 35, 401, 259, 354, 106, 284, 405, 405, 206, 178, 178, 35, 233, 401, 401, 320, 7, 276, 100, 375, 98, 98, 98, 249, 305, 305, 170, 244, 28, 28, 392, 392, 392, 63, 63, 392, 63, 63, 63, 392, 63, 63, 63, 63, 63, 244, 195, 305, 211, 211, 17, 420, 420, 420, 420, 420, 420, 420, 420, 420, 420, 420, 420, 420, 420, 420, 420, 420, 420, 420, 420, 420, 420, 420, 420, 420, 420, 420, 420, 420, 420, 420, 420, 420, 420, 420, 420, 420, 420, 420, 420, 420, 420, 420, 420, 420, 420, 420, 420, 420, 420, 420, 420, 420, 420, 420, 420, 420, 420, 420, 420, 420, 420, 420, 420, 420, 420, 420, 420, 420, 420, 420, 420, 420, 420, 420, 420, 420, 420, 420, 420, 420, 420, 420, 420, 420, 420, 420, 420, 420, 420, 420, 420, 420, 420, 420, 420, 420, 420, 420, 420, 420, 420, 420, 420, 420, 420, 420, 420, 420, 420, 420, 420, 420, 420, 420, 420, 420, 420, 420, 420, 420, 420, 420, 420, 420, 420, 420, 420, 420, 420, 420, 420, 420, 420, 420, 420, 420, 420]

A- generated at inference @epoch104 when fed with English discrete (A+)  ---> just noise
[6, 6, 6, 6, 6, 422, 6, 6, 6, 6, 6, 422, 422, 422, 422, 422, 422, 491, 472, 472, 472, 177, 177, 177, 6, 6, 177, 472, 472, 472, 377, 154, 491, 422, 472, 422, 177, 177, 472, 6, 177, 422, 6, 472, 491, 472, 491, 491, 472, 491, 177, 6, 6, 6, 6, 6, 6, 491, 472, 422, 422, 6, 472, 472, 177, 472, 6, 6, 6, 422, 472, 472, 472, 6, 177, 6, 472, 6, 472, 422, 472, 422, 6, 6, 6, 472, 472, 6, 6, 6, 6, 154, 422, 422, 6, 422, 422, 422, 422, 6, 6, 472, 472, 472, 472, 422, 422, 422, 6, 177, 6, 6, 6, 491, 491, 422, 422, 422, 422, 6, 6, 6, 455, 472, 422, 455, 491, 455, 422, 422, 422, 177, 6, 154, 154, 6, 177, 6, 422, 6, 6, 96, 6, 6, 6, 344, 472, 422, 422, 422, 422, 422, 6, 6, 6, 422, 422, 422, 422, 177, 422, 472, 177, 96, 422, 491, 6, 6, 6, 6, 6, 6, 6, 422, 422, 96, 154, 472, 422, 422, 422, 422, 422, 96, 6, 6, 6, 6, 422, 422, 6, 6, 6, 6, 472, 472, 472, 491, 491, 422, 157, 472, 472, 472, 422, 422, 6, 6, 6, 6, 6, 6, 177, 6, 6, 472, 422, 472, 6, 6, 6, 154, 491, 491, 6, 472, 6, 6, 96, 96, 472, 472, 422, 422, 422, 422, 422, 422, 6, 6, 6, 422, 422, 6, 422, 422, 422, 6, 422, 422, 422, 472, 491, 6, 422, 6, 472, 472, 472, 472, 472, 6, 472, 472, 422, 177, 177, 6, 6, 154, 177, 177, 177, 491, 472, 472, 422, 422, 344, 491, 157, 422, 177, 154, 6, 177, 422, 422, 6, 472, 6, 6, 6, 422, 422, 422, 177, 177, 6, 422, 491, 177, 6, 177, 177, 422, 422, 344, 6, 6, 6, 422, 422, 6, 6, 422, 422, 472, 6, 6, 6, 6, 177, 422, 422, 177, 177, 177, 422, 422, 344, 6, 6, 422, 422, 472, 422, 422, 491, 422, 422, 177, 422, 422, 177, 6, 177, 177, 177]

===========================================================================================================================================
sample 468@epoch106
[17, 17, 287, 284, 240, 240, 35, 35, 36, 108, 119, 273, 106, 284, 293, 178, 129, 458, 259, 144, 27, 27, 437, 437, 284, 284, 284, 284, 284, 450, 16, 16, 16, 406, 406, 406, 406, 467, 467, 134, 375, 98, 98, 263, 13, 13, 229, 229, 170, 244, 312, 312, 187, 23, 23, 23, 101, 101, 101, 149, 149, 228, 244, 244, 7, 7, 384, 106, 106, 61, 61, 240, 35, 449, 449, 224, 494, 26, 116, 251, 241, 114, 114, 443, 443, 120, 240, 236, 24, 239, 239, 107, 395, 180, 180, 443, 486, 486, 460, 460, 169, 99, 99, 436, 395, 60, 494, 494, 313, 422, 239, 239, 161, 161, 79, 487, 288, 278, 213, 252, 143, 143, 129, 401, 259, 354, 354, 420, 278, 278, 251, 251, 359, 81, 166, 278, 278, 38, 349, 349, 234, 234, 261, 261, 25, 148, 148, 148, 153, 153, 109, 109, 324, 324, 3, 3, 246, 213, 324, 422, 143, 143, 129, 401, 244, 321, 441, 74, 276, 276, 276, 148, 182, 182, 182, 182, 182, 182, 387, 387, 42, 42, 42, 147, 380, 380, 499, 265, 428, 85, 85, 146, 146, 24, 24, 24, 310, 107, 107, 395, 41, 41, 41, 19, 19, 454, 454, 229, 229, 244, 247, 126, 126, 292, 292, 326, 326, 326, 326, 326, 326, 408, 149, 149, 228, 244, 7, 251, 359, 241, 371, 278, 278, 203, 399, 217, 70, 70, 473, 65, 319, 480, 480, 460, 460, 240, 169, 186, 99, 338, 338, 338, 338, 338, 400, 400, 464, 464, 464, 171, 301, 416, 32, 32, 32, 239, 354, 354, 180, 180, 486, 486, 460, 206, 240, 314, 314, 32, 32, 32, 354, 354, 100, 100, 43, 43, 8, 32, 32, 32, 354, 276, 276, 346, 346, 284, 284, 426, 426, 450, 450, 413, 203, 250, 250, 276, 276, 276, 138, 138, 182, 375, 375, 98, 98, 13, 229, 82, 247, 312, 312, 126, 326, 101, 101, 149, 228, 244, 412, 287, 287, 287, 460, 460, 178, 35, 35, 401, 401, 244, 354, 354, 106, 284, 405, 206, 167, 385, 35, 36, 478, 68, 68, 68, 172, 115, 267, 267, 267, 267, 213, 213, 246, 246, 246, 246, 219, 464, 464, 464, 180, 486, 460, 460, 240, 143, 36, 36, 108, 449, 106, 106, 106, 153, 424, 182, 387, 387, 387, 42, 42, 42, 42, 147, 380, 380, 499, 265, 265, 85, 85, 85, 146, 146, 252, 24, 239, 310, 310, 107, 395, 395, 41, 41, 19, 19, 17, 420, 420, 420, 420, 420, 420, 420, 420, 420, 420, 420, 420, 420, 420, 420, 420, 420, 420, 420, 420, 420, 420, 420, 420, 420, 420, 420, 420, 420, 420, 420, 420, 420, 420, 420, 420, 420, 420, 420, 420, 420, 420, 420, 420, 420, 420, 420, 420, 420, 420, 420, 420, 420, 420, 420, 420, 420, 420, 420, 420, 420, 420, 420, 420, 420, 420, 420, 420, 420, 420, 420, 420, 420, 420, 420, 420, 420, 420, 420, 420, 420, 420, 420, 420, 420, 420, 420, 420, 420, 420, 420, 420, 420, 420, 420, 420, 420, 420, 420, 420, 420, 420, 420, 420, 420, 420, 420, 420, 420, 420, 420, 420, 420, 420, 420, 420, 420, 420, 420, 420, 420, 420, 420, 420, 420, 420, 420, 420, 420, 420, 420, 420, 420, 420, 420, 420, 420, 420, 420, 420, 420, 420, 420, 420, 420, 420, 420, 420, 420, 420, 420, 420, 420, 420, 420, 420, 420, 420, 420, 420, 420, 420, 420, 420, 420, 420, 420, 420, 420, 420, 420, 420, 420, 420, 420, 420, 420, 420, 420, 420, 420, 420, 420]

A- generated at inference @epoch106 when fed with English discrete (A+)  ---> just noise
[491, 422, 422, 422, 422, 422, 344, 344, 177, 177, 491, 422, 177, 177, 177, 177, 422, 422, 491, 6, 177, 154, 455, 455, 455, 455, 491, 422, 6, 157, 157, 344, 422, 422, 422, 422, 6, 455, 6, 491, 6, 6, 6, 422, 422, 491, 422, 422, 6, 154, 177, 6, 6, 6, 422, 422, 6, 6, 472, 472, 491, 6, 177, 6, 6, 472, 422, 422, 344, 422, 6, 6, 6, 6, 6, 6, 6, 344, 6, 422, 422, 422, 6, 6, 177, 6, 472, 6, 6, 6, 6, 472, 472, 472, 157, 344, 422, 422, 422, 422, 422, 455, 472, 422, 422, 422, 422, 157, 6, 422, 422, 6, 177, 422, 6, 177, 6, 422, 422, 422, 422, 344, 472, 344, 472, 472, 6, 6, 422, 422, 344, 6, 6, 177, 177, 422, 422, 344, 422, 6, 472, 6, 6, 157, 344, 177, 422, 344, 422, 6, 6, 6, 422, 422, 422, 6, 6, 177, 422, 422, 422, 6, 96, 472, 491, 422, 6, 154, 154, 491, 422, 422, 6, 6, 177, 177, 177, 6, 491, 6, 6, 6, 472, 177, 422, 422, 157, 422, 422, 422, 177, 422, 422, 422, 422, 422, 422, 177, 6, 6, 422, 422, 422, 157, 472, 472, 422, 422, 491, 491, 177, 472, 472, 422, 422, 422, 422, 177, 6, 6, 6, 6, 422, 422, 422, 177, 157, 344, 422, 177, 422, 6, 491, 422, 177, 422, 422, 422, 177, 6, 344, 422, 177, 472, 472, 6, 472, 422, 422, 422, 422, 422, 422, 422, 422, 422, 422, 422, 422, 422, 422, 422, 422, 422, 422, 422, 422, 422, 472, 422, 6, 344, 177, 422, 422, 422, 177, 177, 6, 6, 177, 177, 422, 422, 422, 422, 422, 177, 422, 344, 154, 6, 344, 422, 422, 422, 472, 344, 154, 422, 177, 154, 422, 422, 422, 422, 422, 422, 177, 422, 422, 455, 422, 6, 6, 154, 422, 422, 422, 422, 422, 344, 422, 422, 422, 422, 422, 422, 422, 422, 422, 422, 422, 6, 422, 422, 157, 157, 177, 422, 422, 177, 422, 177, 177, 6, 177, 422, 154]

===========================================================================================================================================
sample 466@epoch111
[17, 17, 411, 188, 171, 171, 171, 171, 246, 246, 219, 219, 246, 246, 246, 246, 464, 464, 278, 236, 143, 36, 36, 108, 119, 119, 470, 432, 443, 330, 388, 94, 94, 199, 242, 250, 399, 70, 70, 70, 65, 65, 284, 206, 215, 215, 35, 259, 354, 65, 284, 206, 240, 240, 35, 36, 449, 273, 180, 486, 460, 460, 178, 143, 458, 82, 192, 219, 213, 324, 301, 301, 349, 155, 155, 25, 106, 499, 306, 353, 406, 285, 467, 180, 284, 284, 284, 450, 450, 450, 293, 182, 276, 346, 284, 284, 284, 284, 450, 293, 43, 43, 276, 276, 276, 174, 387, 348, 10, 10, 398, 398, 398, 374, 374, 42, 406, 406, 406, 380, 380, 153, 387, 387, 387, 387, 219, 219, 219, 219, 219, 246, 246, 19, 19, 454, 229, 20, 229, 247, 126, 326, 326, 326, 326, 101, 101, 149, 228, 20, 412, 287, 287, 145, 460, 240, 215, 215, 36, 36, 108, 449, 224, 224, 219, 219, 42, 42, 147, 487, 456, 374, 374, 374, 374, 406, 406, 406, 406, 337, 337, 324, 324, 246, 324, 301, 236, 314, 239, 239, 384, 180, 180, 145, 443, 240, 178, 143, 239, 36, 310, 377, 152, 87, 236, 129, 401, 401, 82, 354, 180, 180, 180, 315, 315, 315, 450, 450, 450, 88, 88, 109, 109, 299, 299, 207, 468, 406, 406, 406, 467, 467, 255, 271, 99, 99, 338, 436, 60, 395, 470, 432, 330, 330, 94, 94, 94, 199, 331, 307, 426, 387, 387, 146, 252, 24, 32, 239, 310, 310, 107, 395, 395, 180, 120, 120, 120, 207, 207, 454, 454, 229, 82, 247, 126, 326, 326, 326, 408, 408, 149, 20, 320, 20, 188, 188, 188, 324, 219, 219, 219, 219, 152, 422, 422, 236, 36, 36, 108, 108, 377, 119, 273, 374, 374, 139, 153, 424, 43, 43, 43, 43, 43, 364, 276, 345, 345, 409, 116, 94, 94, 398, 398, 324, 301, 301, 251, 241, 431, 106, 106, 496, 387, 387, 406, 406, 406, 406, 337, 337, 19, 454, 454, 229, 229, 170, 20, 170, 187, 187, 126, 408, 23, 101, 20, 228, 20, 20, 320, 66, 66, 119, 119, 485, 374, 139, 139, 139, 387, 387, 186, 99, 99, 338, 338, 338, 338, 395, 400, 395, 395, 286, 264, 264, 171, 240, 416, 8, 32, 354, 354, 109, 443, 443, 240, 143, 129, 458, 144, 351, 351, 351, 443, 403, 171, 240, 359, 359, 359, 41, 41, 41, 246, 19, 19, 454, 229, 229, 82, 247, 126, 126, 101, 101, 149, 228, 20, 83, 287, 287, 460, 240, 240, 36, 449, 449, 494, 177, 236, 36, 77, 342, 115, 119, 485, 464, 464, 180, 486, 486, 206, 206, 240, 314, 314, 32, 32, 32, 354, 354, 180, 443, 443, 178, 143, 129, 458, 75, 192, 351, 351, 443, 443, 171, 240, 175, 359, 81, 41, 324, 324, 339, 116, 33, 33, 479, 398, 301, 236, 129, 129, 259, 354, 106, 151, 151, 151, 271, 271, 150, 342, 342, 68, 164, 164, 273, 470, 464, 315, 315, 315, 450, 450, 450, 182, 182, 276, 182, 182, 182, 441, 441, 387, 122, 251, 251, 24, 131, 133, 133, 43, 32, 32, 32, 32, 170, 170, 354, 354, 100, 100, 153, 182, 375, 98, 98, 13, 233, 170, 170, 47, 47, 20, 20, 80, 80, 20, 289, 373, 66, 66, 115, 485, 464, 464, 180, 486, 113, 206, 169, 178, 349, 205, 205, 155, 155, 155, 29, 345, 333, 422, 219, 239, 239, 219, 152, 152, 374, 132, 186, 186, 162, 232, 232, 232, 232, 172, 172, 115, 267]

A- generated at inference @epoch111 when fed with English discrete (A+)  ---> just noise
[491, 177, 177, 177, 472, 344, 491, 491, 491, 6, 6, 422, 472, 344, 472, 472, 154, 491, 6, 472, 422, 154, 154, 154, 154, 491, 6, 472, 472, 422, 422, 177, 154, 154, 177, 422, 422, 422, 6, 6, 422, 6, 6, 491, 344, 6, 344, 455, 6, 472, 472, 177, 177, 177, 177, 177, 472, 422, 472, 472, 6, 422, 177, 177, 472, 472, 154, 154, 472, 422, 472, 472, 177, 177, 422, 422, 422, 422, 422, 422, 472, 6, 157, 157, 472, 154, 154, 472, 422, 422, 6, 472, 422, 422, 472, 472, 472, 472, 154, 6, 6, 472, 472, 491, 491, 472, 472, 177, 422, 344, 472, 422, 344, 344, 154, 491, 177, 422, 455, 472, 344, 157, 157, 472, 472, 6, 6, 6, 472, 472, 491, 472, 422, 6, 6, 472, 6, 6, 472, 6, 472, 6, 472, 422, 422, 422, 422, 422, 6, 6, 422, 422, 6, 472, 472, 422, 344, 422, 472, 472, 472, 6, 6, 472, 6, 344, 6, 422, 422, 422, 472, 394, 422, 455, 96, 472, 154, 157, 6, 6, 472, 344, 472, 472, 422, 422, 154, 491, 491, 422, 422, 177, 177, 422, 422, 422, 422, 455, 455, 422, 177, 422, 472, 472, 472, 472, 6, 6, 455, 422, 422, 422, 6, 422, 422, 422, 177, 422, 6, 6, 6, 344, 344, 422, 472, 344, 6, 472, 472, 422, 491, 491, 6, 344, 472, 30, 422, 422, 472, 154, 96, 6, 472, 472, 472, 472, 472, 6, 344, 344, 344, 472, 472, 422, 422, 422, 422, 455, 455, 422, 6, 422, 455, 154, 422, 422, 422, 422, 422, 157, 472, 422, 344, 422, 6, 491, 422, 344, 422, 422, 6, 6, 472, 6, 472, 455, 472, 422, 6, 472, 422, 157, 157, 491, 491, 491, 6, 6, 422, 157, 6, 472, 422, 472, 422, 422, 96, 472, 472, 472, 472, 6, 422, 455, 177, 177, 472, 472, 472, 6, 6, 154, 472, 472, 177, 422, 422, 6, 422, 177, 422, 422, 422, 177, 422, 177, 422, 177, 472, 422, 177, 422, 177, 422, 422, 177, 177, 177, 472]
===========================================================================================================================================



===========================================================================================================================================


===========================================================================================================================================


